-1 0.0514934 -0.694911 -0.875218
-1.30103 -0.435588 -0.875469 -1.47196
-1.60206 -0.929435 -1.11344 -2.12183
-1.90309 -1.28921 -1.37766 -2.74745
-2.20412 -1.61568 -1.65853 -3.37754
-2.50515 -1.92866 -1.94897 -4.03183
-2.80618 -2.2355 -2.24457 -4.72869
-3.10721 -2.53939 -2.54284 -5.23509
-3.40824 -2.84184 -2.84248 -5.40043
-3.70927 -3.14358 -3.14282 -5.63919
-4.0103 -3.44496 -3.4435 -5.91171
-4.31133 -3.74627 -3.74451 -6.38854
-4.61236 -4.13596 -4.13513 -7.07886
-4.91339 -4.63187 -4.63146 -7.87571
-5.21442 -5.18086 -5.18066 -8.72573
-5.51545 -5.75639 -5.7563 -9.60229
-5.81648 -6.34519 -6.34514 -10.4921
-6.11751 -6.94062 -6.9406 -11.3886
-6.41854 -7.53937 -7.53935 -12.2885
-6.71957 -8.13977 -8.13976 -13.1906
-7.0206 -8.741 -8.741 -14.0936
-7.32163 -9.34264 -9.34264 -14.9858
-7.62266 -9.9445 -9.9445 -15.7479
-7.92369 -10.5465 -10.5465 -16.1792
-8.22472 -11.1485 -11.1485 -16.2488
-8.52575 -11.7505 -11.7505 -16.2549
-8.82678 -12.3526 -12.3525 -16.255
-9.12781 -12.9546 -12.9546 -16.2565
-9.42884 -13.5564 -13.556 -16.2568
-9.72987 -14.1582 -14.1566 -16.2557
-10.0309 -14.7494 -14.7516 -16.2614
-10.3319 -15.3143 -15.3168 -16.258
-10.633 -15.8005 -15.7941 -16.2565
-10.934 -16.096 -16.0995 -16.2565
-11.235 -16.2128 -16.2077 -16.2568
-11.536 -16.2475 -16.2461 -16.2557
-11.8371 -16.2533 -16.2538 -16.2557
-12.1381 -16.2561 -16.2551 -16.2557
-12.4391 -16.5777 -16.5768 -16.5772
-12.7402 -17.1797 -17.1789 -17.1793
-13.0412 -17.7818 -17.7809 -17.7814
-13.3422 -18.3839 -18.383 -18.3834
-13.6433 -18.9859 -18.9851 -18.9855
-13.9443 -19.588 -19.5871 -19.5875
-14.2453 -20.19 -20.1892 -20.1898
-14.5463 -20.7923 -20.7914 -20.792
-14.8474 -21.3945 -21.3936 -21.3941
-15.1484 -21.9966 -21.9957 -21.9962
-15.4494 -22.5987 -22.5978 -22.5983
-15.7505 -23.2007 -23.1999 -23.2005
-16.0515 -23.803 -23.8022 -23.8026
-16.3525 -24.4049 -24.4043 -24.4045
-16.6536 -25.0068 -25.0063 -25.0063
-16.9546 -25.6093 -25.6084 -25.7809
-17.2556 -26.0813 -1.#INF -1.#INF
-17.5566 -16.2556 -16.2556 -16.2556
-17.8577 -16.2556 -16.2556 -16.2556
-18.1587 -16.2556 -16.2556 -16.2556
-18.4597 -16.2556 -16.2556 -16.2556
-18.7608 -16.2556 -16.2556 -16.2556
-19.0618 -16.2556 -16.2556 -16.2556
-19.3628 -16.2556 -16.2556 -16.2556
-19.6639 -16.2556 -16.2556 -16.2556
-19.9649 -16.2556 -16.2556 -16.2556
