0 0 0 0 0
0.01 0.181267 0.16666 0.181814 0.2
0.02 0.329662 0.305527 0.33056 0.359992
0.03 0.451139 0.421229 0.452241 0.487968
0.04 0.550575 0.517626 0.551779 0.590328
0.05 0.631967 0.597939 0.6332 0.672197
0.06 0.698589 0.664849 0.6998 0.737676
0.07 0.753122 0.720594 0.754278 0.790047
0.08 0.79776 0.767038 0.798842 0.831935
0.09 0.834301 0.805735 0.835298 0.865441
0.1 0.864216 0.837979 0.865123 0.892245
0.11 0.888708 0.864848 0.889526 0.913689
0.12 0.908762 0.88724 0.909493 0.930848
0.13 0.925186 0.905903 0.925835 0.94458
0.14 0.938638 0.92146 0.93921 0.955572
0.15 0.949657 0.93443 0.95016 0.964372
0.16 0.958686 0.945244 0.959125 0.971419
0.17 0.966085 0.954263 0.966468 0.977064
0.18 0.97215 0.961786 0.972483 0.981587
0.19 0.977123 0.968062 0.977411 0.985212
0.2 0.981201 0.9733 0.98145 0.988118
0.21 0.984547 0.977671 0.984761 0.990449
0.22 0.987292 0.981321 0.987476 0.992319
0.23 0.989545 0.984368 0.989703 0.993819
0.24 0.991395 0.986914 0.991531 0.995024
0.25 0.992915 0.989042 0.993031 0.995992
0.26 0.994164 0.99082 0.994263 0.99677
0.27 0.99519 0.992306 0.995275 0.997396
0.28 0.996034 0.993549 0.996107 0.997899
0.29 0.996729 0.994589 0.99679 0.998304
0.3 0.9973 0.99546 0.997353 0.99863
0.31 0.997771 0.996189 0.997815 0.998893
0.32 0.998158 0.996799 0.998196 0.999104
0.33 0.998478 0.997311 0.99851 0.999275
0.34 0.998741 0.997739 0.998768 0.999413
0.35 0.998958 0.998099 0.998981 0.999524
0.36 0.999137 0.9984 0.999157 0.999614
0.37 0.999285 0.998653 0.999302 0.999687
0.38 0.999408 0.998866 0.999422 0.999746
0.39 0.999509 0.999044 0.999521 0.999793
0.4 0.999592 0.999194 0.999603 0.999832
0.41 0.999661 0.999321 0.99967 0.999863
0.42 0.999719 0.999427 0.999726 0.999889
0.43 0.999766 0.999516 0.999772 0.999909
0.44 0.999805 0.999591 0.999811 0.999926
0.45 0.999838 0.999654 0.999843 0.99994
0.46 0.999865 0.999708 0.999869 0.999951
0.47 0.999888 0.999753 0.999891 0.99996
0.48 0.999906 0.999791 0.999909 0.999967
0.49 0.999922 0.999823 0.999924 0.999973
0.5 0.999935 0.99985 0.999937 0.999978
0.51 0.999945 0.999873 0.999947 0.999982
0.52 0.999954 0.999892 0.999956 0.999985
0.53 0.999962 0.999908 0.999963 0.999988
0.54 0.999968 0.999922 0.999969 0.99999
0.55 0.999973 0.999934 0.999974 0.999992
0.56 0.999978 0.999944 0.999978 0.999993
0.57 0.999981 0.999952 0.999982 0.999994
0.58 0.999984 0.999959 0.999985 0.999995
0.59 0.999987 0.999965 0.999987 0.999996
0.6 0.999989 0.99997 0.999989 0.999997
0.61 0.999991 0.999975 0.999991 0.999997
0.62 0.999992 0.999978 0.999992 0.999998
0.63 0.999993 0.999982 0.999994 0.999998
0.64 0.999994 0.999984 0.999995 0.999999
0.65 0.999995 0.999987 0.999995 0.999999
0.66 0.999996 0.999989 0.999996 0.999999
0.67 0.999997 0.99999 0.999997 0.999999
0.68 0.999997 0.999992 0.999997 0.999999
0.69 0.999998 0.999993 0.999998 0.999999
0.7 0.999998 0.999994 0.999998 1
0.71 0.999998 0.999995 0.999998 1
0.72 0.999999 0.999995 0.999999 1
0.73 0.999999 0.999996 0.999999 1
0.74 0.999999 0.999997 0.999999 1
0.75 0.999999 0.999997 0.999999 1
0.76 0.999999 0.999998 0.999999 1
0.77 0.999999 0.999998 0.999999 1
0.78 0.999999 0.999998 0.999999 1
0.79 1 0.999998 1 1
0.8 1 0.999999 1 1
0.81 1 0.999999 1 1
0.82 1 0.999999 1 1
0.83 1 0.999999 1 1
0.84 1 0.999999 1 1
0.85 1 0.999999 1 1
0.86 1 0.999999 1 1
0.87 1 1 1 1
0.88 1 1 1 1
0.89 1 1 1 1
0.9 1 1 1 1
0.91 1 1 1 1
0.92 1 1 1 1
0.93 1 1 1 1
0.94 1 1 1 1
0.95 1 1 1 1
0.96 1 1 1 1
0.97 1 1 1 1
0.98 1 1 1 1
0.99 1 1 1 1
1 1 1 1 1
1.01 1 1 1 1
1.02 1 1 1 1
1.03 1 1 1 1
1.04 1 1 1 1
1.05 1 1 1 1
1.06 1 1 1 1
1.07 1 1 1 1
1.08 1 1 1 1
1.09 1 1 1 1
1.1 1 1 1 1
1.11 1 1 1 1
1.12 1 1 1 1
1.13 1 1 1 1
1.14 1 1 1 1
1.15 1 1 1 1
1.16 1 1 1 1
1.17 1 1 1 1
1.18 1 1 1 1
1.19 1 1 1 1
1.2 1 1 1 1
1.21 1 1 1 1
1.22 1 1 1 1
1.23 1 1 1 1
1.24 1 1 1 1
1.25 1 1 1 1
1.26 1 1 1 1
1.27 1 1 1 1
1.28 1 1 1 1
1.29 1 1 1 1
1.3 1 1 1 1
1.31 1 1 1 1
1.32 1 1 1 1
1.33 1 1 1 1
1.34 1 1 1 1
1.35 1 1 1 1
1.36 1 1 1 1
1.37 1 1 1 1
1.38 1 1 1 1
1.39 1 1 1 1
1.4 1 1 1 1
1.41 1 1 1 1
1.42 1 1 1 1
1.43 1 1 1 1
1.44 1 1 1 1
1.45 1 1 1 1
1.46 1 1 1 1
1.47 1 1 1 1
1.48 1 1 1 1
1.49 1 1 1 1
1.5 1 1 1 1
1.51 1 1 1 1
1.52 1 1 1 1
1.53 1 1 1 1
1.54 1 1 1 1
1.55 1 1 1 1
1.56 1 1 1 1
1.57 1 1 1 1
1.58 1 1 1 1
1.59 1 1 1 1
1.6 1 1 1 1
1.61 1 1 1 1
1.62 1 1 1 1
1.63 1 1 1 1
1.64 1 1 1 1
1.65 1 1 1 1
1.66 1 1 1 1
1.67 1 1 1 1
1.68 1 1 1 1
1.69 1 1 1 1
1.7 1 1 1 1
1.71 1 1 1 1
1.72 1 1 1 1
1.73 1 1 1 1
1.74 1 1 1 1
1.75 1 1 1 1
1.76 1 1 1 1
1.77 1 1 1 1
1.78 1 1 1 1
1.79 1 1 1 1
1.8 1 1 1 1
1.81 1 1 1 1
1.82 1 1 1 1
1.83 1 1 1 1
1.84 1 1 1 1
1.85 1 1 1 1
1.86 1 1 1 1
1.87 1 1 1 1
1.88 1 1 1 1
1.89 1 1 1 1
1.9 1 1 1 1
1.91 1 1 1 1
1.92 1 1 1 1
1.93 1 1 1 1
1.94 1 1 1 1
1.95 1 1 1 1
1.96 1 1 1 1
1.97 1 1 1 1
1.98 1 1 1 1
1.99 1 1 1 1
2 1 1 1 1
2.01 1 1 1 1
2.02 1 1 1 1
2.03 1 1 1 1
2.04 1 1 1 1
2.05 1 1 1 1
2.06 1 1 1 1
2.07 1 1 1 1
2.08 1 1 1 1
2.09 1 1 1 1
2.1 1 1 1 1
2.11 1 1 1 1
2.12 1 1 1 1
2.13 1 1 1 1
2.14 1 1 1 1
2.15 1 1 1 1
2.16 1 1 1 1
2.17 1 1 1 1
2.18 1 1 1 1
2.19 1 1 1 1
2.2 1 1 1 1
2.21 1 1 1 1
2.22 1 1 1 1
2.23 1 1 1 1
2.24 1 1 1 1
2.25 1 1 1 1
2.26 1 1 1 1
2.27 1 1 1 1
2.28 1 1 1 1
2.29 1 1 1 1
2.3 1 1 1 1
2.31 1 1 1 1
2.32 1 1 1 1
2.33 1 1 1 1
2.34 1 1 1 1
2.35 1 1 1 1
2.36 1 1 1 1
2.37 1 1 1 1
2.38 1 1 1 1
2.39 1 1 1 1
2.4 1 1 1 1
2.41 1 1 1 1
2.42 1 1 1 1
2.43 1 1 1 1
2.44 1 1 1 1
2.45 1 1 1 1
2.46 1 1 1 1
2.47 1 1 1 1
2.48 1 1 1 1
2.49 1 1 1 1
2.5 1 1 1 1
2.51 1 1 1 1
2.52 1 1 1 1
2.53 1 1 1 1
2.54 1 1 1 1
2.55 1 1 1 1
2.56 1 1 1 1
2.57 1 1 1 1
2.58 1 1 1 1
2.59 1 1 1 1
2.6 1 1 1 1
2.61 1 1 1 1
2.62 1 1 1 1
2.63 1 1 1 1
2.64 1 1 1 1
2.65 1 1 1 1
2.66 1 1 1 1
2.67 1 1 1 1
2.68 1 1 1 1
2.69 1 1 1 1
2.7 1 1 1 1
2.71 1 1 1 1
2.72 1 1 1 1
2.73 1 1 1 1
2.74 1 1 1 1
2.75 1 1 1 1
2.76 1 1 1 1
2.77 1 1 1 1
2.78 1 1 1 1
2.79 1 1 1 1
2.8 1 1 1 1
2.81 1 1 1 1
2.82 1 1 1 1
2.83 1 1 1 1
2.84 1 1 1 1
2.85 1 1 1 1
2.86 1 1 1 1
2.87 1 1 1 1
2.88 1 1 1 1
2.89 1 1 1 1
2.9 1 1 1 1
2.91 1 1 1 1
2.92 1 1 1 1
2.93 1 1 1 1
2.94 1 1 1 1
2.95 1 1 1 1
2.96 1 1 1 1
2.97 1 1 1 1
2.98 1 1 1 1
2.99 1 1 1 1
3 1 1 1 1
3.01 1 1 1 1
3.02 1 1 1 1
3.03 1 1 1 1
3.04 1 1 1 1
3.05 1 1 1 1
3.06 1 1 1 1
3.07 1 1 1 1
3.08 1 1 1 1
3.09 1 1 1 1
3.1 1 1 1 1
3.11 1 1 1 1
3.12 1 1 1 1
3.13 1 1 1 1
3.14 1 1 1 1
3.15 1 1 1 1
3.16 1 1 1 1
3.17 1 1 1 1
3.18 1 1 1 1
3.19 1 1 1 1
3.2 1 1 1 1
3.21 1 1 1 1
3.22 1 1 1 1
3.23 1 1 1 1
3.24 1 1 1 1
3.25 1 1 1 1
3.26 1 1 1 1
3.27 1 1 1 1
3.28 1 1 1 1
3.29 1 1 1 1
3.3 1 1 1 1
3.31 1 1 1 1
3.32 1 1 1 1
3.33 1 1 1 1
3.34 1 1 1 1
3.35 1 1 1 1
3.36 1 1 1 1
3.37 1 1 1 1
3.38 1 1 1 1
3.39 1 1 1 1
3.4 1 1 1 1
3.41 1 1 1 1
3.42 1 1 1 1
3.43 1 1 1 1
3.44 1 1 1 1
3.45 1 1 1 1
3.46 1 1 1 1
3.47 1 1 1 1
3.48 1 1 1 1
3.49 1 1 1 1
3.5 1 1 1 1
3.51 1 1 1 1
3.52 1 1 1 1
3.53 1 1 1 1
3.54 1 1 1 1
3.55 1 1 1 1
3.56 1 1 1 1
3.57 1 1 1 1
3.58 1 1 1 1
3.59 1 1 1 1
3.6 1 1 1 1
3.61 1 1 1 1
3.62 1 1 1 1
3.63 1 1 1 1
3.64 1 1 1 1
3.65 1 1 1 1
3.66 1 1 1 1
3.67 1 1 1 1
3.68 1 1 1 1
3.69 1 1 1 1
3.7 1 1 1 1
3.71 1 1 1 1
3.72 1 1 1 1
3.73 1 1 1 1
3.74 1 1 1 1
3.75 1 1 1 1
3.76 1 1 1 1
3.77 1 1 1 1
3.78 1 1 1 1
3.79 1 1 1 1
3.8 1 1 1 1
3.81 1 1 1 1
3.82 1 1 1 1
3.83 1 1 1 1
3.84 1 1 1 1
3.85 1 1 1 1
3.86 1 1 1 1
3.87 1 1 1 1
3.88 1 1 1 1
3.89 1 1 1 1
3.9 1 1 1 1
3.91 1 1 1 1
3.92 1 1 1 1
3.93 1 1 1 1
3.94 1 1 1 1
3.95 1 1 1 1
3.96 1 1 1 1
3.97 1 1 1 1
3.98 1 1 1 1
3.99 1 1 1 1
4 1 1 1 1
4.01 1 1 1 1
4.02 1 1 1 1
4.03 1 1 1 1
4.04 1 1 1 1
4.05 1 1 1 1
4.06 1 1 1 1
4.07 1 1 1 1
4.08 1 1 1 1
4.09 1 1 1 1
4.1 1 1 1 1
4.11 1 1 1 1
4.12 1 1 1 1
4.13 1 1 1 1
4.14 1 1 1 1
4.15 1 1 1 1
4.16 1 1 1 1
4.17 1 1 1 1
4.18 1 1 1 1
4.19 1 1 1 1
4.2 1 1 1 1
4.21 1 1 1 1
4.22 1 1 1 1
4.23 1 1 1 1
4.24 1 1 1 1
4.25 1 1 1 1
4.26 1 1 1 1
4.27 1 1 1 1
4.28 1 1 1 1
4.29 1 1 1 1
4.3 1 1 1 1
4.31 1 1 1 1
4.32 1 1 1 1
4.33 1 1 1 1
4.34 1 1 1 1
4.35 1 1 1 1
4.36 1 1 1 1
4.37 1 1 1 1
4.38 1 1 1 1
4.39 1 1 1 1
4.4 1 1 1 1
4.41 1 1 1 1
4.42 1 1 1 1
4.43 1 1 1 1
4.44 1 1 1 1
4.45 1 1 1 1
4.46 1 1 1 1
4.47 1 1 1 1
4.48 1 1 1 1
4.49 1 1 1 1
4.5 1 1 1 1
4.51 1 1 1 1
4.52 1 1 1 1
4.53 1 1 1 1
4.54 1 1 1 1
4.55 1 1 1 1
4.56 1 1 1 1
4.57 1 1 1 1
4.58 1 1 1 1
4.59 1 1 1 1
4.6 1 1 1 1
4.61 1 1 1 1
4.62 1 1 1 1
4.63 1 1 1 1
4.64 1 1 1 1
4.65 1 1 1 1
4.66 1 1 1 1
4.67 1 1 1 1
4.68 1 1 1 1
4.69 1 1 1 1
4.7 1 1 1 1
4.71 1 1 1 1
4.72 1 1 1 1
4.73 1 1 1 1
4.74 1 1 1 1
4.75 1 1 1 1
4.76 1 1 1 1
4.77 1 1 1 1
4.78 1 1 1 1
4.79 1 1 1 1
4.8 1 1 1 1
4.81 1 1 1 1
4.82 1 1 1 1
4.83 1 1 1 1
4.84 1 1 1 1
4.85 1 1 1 1
4.86 1 1 1 1
4.87 1 1 1 1
4.88 1 1 1 1
4.89 1 1 1 1
4.9 1 1 1 1
4.91 1 1 1 1
4.92 1 1 1 1
4.93 1 1 1 1
4.94 1 1 1 1
4.95 1 1 1 1
4.96 1 1 1 1
4.97 1 1 1 1
4.98 1 1 1 1
4.99 1 1 1 1
5 1 1 1 1
